42
50,0 0,0 0,0
35,36 35,36 0,0
0,0 50,0 0,0
-35,36 35,36 0,0
-50,0 0,0 0,0
-35,36 -35,36 0,0
0,0 -50,0 0,0
35,36 -35,36 0,0
45,0 0,0 20,0
31,82 31,82 20,0
0,0 45,0 20,0
-31,82 31,82 20,0
-45,0 0,0 20,0
-31,82 -31,82 20,0
0,0 -45,0 20,0
31,82 -31,82 20,0
35,36 0,0 35,36
25,0 25,0 35,36
0,0 35,36 35,36
-25,0 25,0 35,36
-35,36 0,0 35,36
-25,0 -25,0 35,36
0,0 -35,36 35,36
25,0 -25,0 35,36
20,0 0,0 45,0
14,14 14,14 45,0
0,0 20,0 45,0
-14,14 14,14 45,0
-20,0 0,0 45,0
-14,14 -14,14 45,0
0,0 -20,0 45,0
14,14 -14,14 45,0
0,0 0,0 50,0
0,0 0,0 -50,0
50,0 0,0 0,0
35,36 -35,36 0,0
0,0 -50,0 0,0
-35,36 -35,36 0,0
-50,0 0,0 0,0
-35,36 35,36 0,0
0,0 50,0 0,0
35,36 35,36 0,0
72
0 1
1 2
2 3
3 4
4 5
5 6
6 7
7 0
8 9
9 10
10 11
11 12
12 13
13 14
14 15
15 8
16 17
17 18
18 19
19 20
20 21
21 22
22 23
23 16
24 25
25 26
26 27
27 28
28 29
29 30
30 31
31 24
0 8
1 9
2 10
3 11
4 12
5 13
6 14
7 15
8 16
9 17
10 18
11 19
12 20
13 21
14 22
15 23
16 24
17 25
18 26
19 27
20 28
21 29
22 30
23 31
24 32
25 32
26 32
27 32
28 32
29 32
30 32
31 32
33 34
33 35
33 36
33 37
33 38
33 39
33 40
33 41 